001011011001011000110110100011000011011111000001111101001001001010010010101011110101101010111110100111000001001101000101110011001110000010101100001111
000100101010101010111000011101111101101111000001110010110110011110000111001111001110010110100110101000110100010100100100111100111010100110100110011110
100111111100110101101111110110100001111000110101110001111001001110101000110010100000101100110111111111000101000000111000000110011000011001011001001111
011001100010110100100111111011011100110110001110001110011100100100100001000010011001101110110011110100011010010001010001100010101100011101001101110111
101000000011011111111010000101010111000011111001011111111101010000001001000110110011101011000101111011111101111110011010110101000011110000100011111110
101100111011011001000011011000011011011000010110110100000001101000000010010000110011110110101011001000011001000100101000000010111000100010110111001011
011101001101110101000111011101011010110010110101001100100100111001101010111101110111010101110001001111001000011010100010001101101011000000011011000110
101001001001101101100110011110011110100100001100110010110110001101001110101101110001000001010111010110100101011101100110101110000011111000100101110100
111001110111110010101111001100111111000101000010010101111111010000000010100100110011110111001100101111000000011111111011000110010001111000100111110110
001000101011010000111100100100010100000000111010000000110100000011010111010110111111001001110000011000011100000110011101010000111000110101111101110110
010111001101001101010000111010100000001110001110100001001001110010110101100111110010011000110101111110001100010011100111101110010010001101000000011101
100011111110011101000111011000110011010100011111011001110111110001100111100101000111010010000100000110111110000100100111111100110100100011111110001000
011100111000000110101100101011011100111001101110111011001000101111011101010010001001011000001101010011111001101010000101011110001000011110100000111000
101111101101000001011001011011000010000101111010000000000110001000110001010111000100000101100000110010010101010101001100001101001010111001100100000010
110011010011000100110111000001001000111100111001101111110001100100000110011111000011100111100011001100100110001000010011000010001100110000110000000010
001110110011101000010100010101100010100011110010110110000111011110111111110100101011011110100101111111100100110101000001010011101100101111011100110000
010010001000100001100000111111011101011011000100011011111000010111100000011100001011000000111110000010101111000001100011100100100010010011101000011101
001011110011010010001010111000011111001101001101010011000000011111101001101010100100111111010100110111101010100101001010000010111000001011101011000000
111110011100101010011100110111000100110010011110100111100100101110110000111101110100010001110110110011010111101110100100100100001110000110111100010100
110010000110011100100101011000011101100010000111111010000000000000111101010000001110010001000100001001000010000010000000110110110101001000100100111110
011010001100110001100100100011111001000001111110111110000111011010000000010101111011100111110010111110011101010111001001111100110001000111010000000010
101100111101101100111010111001101100001101010100001000010010011010110110000101111111010111000010010101100000011011100010010001000111110101011011000010
101111111001001001000101001010110010100001011001100111111110111001110011101111010110010101110101101010111010100100111001000110010111001011000001011011
001101101001011000010010011011100101000110110111110011001111001010101001000100110111001001000100011100000000010100010001111111100000010001111010001100
101100000110100011101100010010011100111010111101011010001010101101001110011010100010001111010111001001001101100011110011011101010001011111110110111101
011101110011010111110101100011101000010000101010111111001011010101111011000011110111111110111100101100011010111101000110100010110001011010010101111110
010101111011110011010111000111110011010000100110101000000011110010100000101111001111010000001101110001110001110110101110101101101001111111001000111111
011010111100000110100000001011000010101010010100010001100011010011111111011001001000000011010010100000100110000001111100101000001100011111100001011010
101100010010110010101011111100001101010010110101111110001000101100010101100000100010100010011011000111111001000010101101010000100110000001101111111011
110110100000111110101101011100011111110010110000011010110010100101101010001101100110100100111000011100010110110111001001010111000100000101010111001000
011000001011000100001111011000010010010011101101100001000011110000100011000001110100001010010001001011100000100110111011000001101011011011011111111001
010111111101100011011010101001100010111010110011110000011010101001100101011110101001001011011100100001010001000111010011110010110100000001010001010000
010101111000101011011100110011000110001001111100111001011001001111111100110011111101110011011111010111001101010000111101101001010111000011010001100111
010110011100100011110101100011001010010000011010000100110100010100000011011000000000110010110100010010110001110111110011111101101111110000101111011000
100011111001010101000010001101111100110110101100011000101101101010011100000001110000111001100000001011100000001000111000101000110010011110001011100000
111011001001000011011001001011000000100110001101011100010001010010110000001100100100001000010100100111011100101000010000101011001001010100110001110010
011100110000101100110010100101010011010110001011111111100010110110100000101000100011000111000101100011100110000111011100010010111100100100010010101001
101101100001101010100000111011110110100000010100010001001110110011101111100100011000001101001000000100101101001101110011000100101010011011001010101101
111001000010101011000100100100011000000110000101101011000000001010011011101111000101111010001010010101010001101110011111010110101101111000011001011010
110100011011011001000101000000000011101000011110001110101110010100010111100011101111001000100000010101000010010100110000011011111111111100110000001101
110110100010000110110001100111110011101001101100010100111111001100111010001100010110001100010100101110100010100111101010110010100010100100111010010010
110010001000110111001110000000101000000010111110101010111011001100001110110000011001110000000110111000111011101111110000001100100001111010100101100110
001010100100111100001001111011111010000011011000111100100000100100010111011000010100101110011111100010011110100000100010110000110100101111101010111001
001011100101011100101111100111011100010101101000010101100111111000100000110001000010001110001100110000111000101100100000001100110010100001011111010010
000110010111111001101010110000101111100111110000101101000100010111110111110101111101111001110010011111101110000001011110011000000010111000100110100011
001101110011100011111101101110101011011111000000001010110101110010111110111111110101010011000101000001101101101001011100010100101111010101011000111011
000101001111110100111001011000010100100101000000100000111001000111011111111000000011100010011100110100101010010101000011011111101001001011000111110110
111010100001001001010011100010110001101000000000101000100001100111101100010010010100010111110111111000000011011010100010100011011111010001000110000001
111001010010101100111011011010111000101001101011000000011010011100110111001110010010001100111111010011001001100001001110001010010111101100001000010100
111011011001100111011001110111011011110010110000000111000010101111011011111111001001001110000110101010101011101000111000001101111011000100010101101010
100110100001101010011100111011001011101101101101000000111000001111001111000100111110100001100101100110001111101110111110001001001110000001101001111000
100111101000001100101010010010000101100110111000010000111100001100010011001001011100110001001101110100011111001111011110110000011110101111110001010100
010110010000101111111011110011000000101101000100010001001000001001100110101011101110010011100010000111000000101111100101010001111100000110011010111101
101010001011101011100011010100101000111000011000010010011010011100010011101110010100100011010101011111010000010000101111011110100001001100101011001100
011010111101001010100010000101000110100111110111001100010101000010111010110111111010000110101101010100000001111100011110111001001011001111010100000011
011110011101001010000110000001011101000011000110101101101001011110101110101000110101000001011110000110101000100101001000100011100001000100011100001011
101110001010100010000011110010011010010111000010101111010100110011100101011011100000100000100001111010000111010111001011011110010001111010111110001100
010110111101010100101011000000000110010110011100000100101000011111010101001111110001111111001110001000010110111111111011101010001000000111010010001111
010000011001010100001111111101110000110111010000110001000001101001001111001100011100011000101111010101100100101010001011001110011110111111001110101010
101011001011001100001001011100101011000011010111000000110010001001011111010001011011011000011110011000001000100000010010100101100000011110011101111010
000101100011101000100010101011110010110000110101010000001010000000011100011100010111011111101010111010100011011111111111110000001001110101110111000000
010010101011000111001110011100100101110100011100100001011100001000111010101101011101010011111100001011000000100111011010111010100100100101111111000110
111001110000110101101111100010011010001011010000111111010111010101110010100001000000110010001001000000011101001110111110110111111000010001110001010111
011100010000101111100000110011001100100111101011111101010100001000000001110011000011110100001010010100110111001101100010011001001011000110100111000110
111000000110100111101101001100001011111000001111011000111100000000001101000010110110101110110101111100101011000111010011101110101101010101011100110100
000000110101100011000010110101011000010000001011011010001111001000100000110100101011111000011001110100111111010000011110100110000010100110000100111001
001100100011010111110111011101111001110010011101100010111000011001011000111100111101101101001001000011101000101110010101000000010111011110011111101011
100000000110110100110110010110001011001110101110110101100101111000101111101010000011101001110110111000001010011110110000111001011011010110001000111100
001010110000100101010001110101001010011011000111011000110011110010110010000111011101000110110110111001110001110111101100011101111100011110100100100100
010000010111101100010100100110011010010101101111101010011111100010010010111001110001110110101110001000110111101111101110101001110011110010100000100111
110001111101001100000110110101100100011111101110111111110011011000011101001111000111100101111111101100000111110110010111010001101000100100101101011101
010110000111110101010011010110110100011100101010111101001111000110010010010111000101100101110111001100111001000000011001000000110110110110101010001110
101000111011000101100010001010001000111101011110010011110000011101110100000010111110001011001111001111111011010000011101001101110110101001000010011010
001001100100111110111000100100011100000001111111010000101001100101100101001001110111111001110110100100100011000000100000001000010111001010000110101100
110000110000001011100010101101010101101010100110110111011110110000110110010101100011110110010101001101111110010110111101011110011001001100000101001001
010010111111011110101111001001010001011010001100111001100110110001101011001001100110110101100101101100010000101110100111011001001001100000110000010111
111110000110111001000010111000011000001100000101110011101100000110011011100000100101101000000001000011101001001111101111111011000011111101001000001010
110000110011011000101110011101101010001100011100010110101101011100001111011100010111000111010110111011110111111011011010001010111100110010101110100101
101011111110000101101101110011111011100100001100001010111100000011100100111110011101111100101010100100010001011011000111010100001100011101001101011101
100111111110000000101111010000101010010011101101101101110111110010101100110001101001101000001101101100111011101010100011100010101000111000010110001101
010100000100100110011100001100011000010101001000011110100011010001101000100000110110110111010111101111011100101101011110001011000101011010111010101001
110000100101010001110111011001101001001110101101001111010010110010101011110111101000110100010101001101111000001001100110010111000110011000011101010100
010011101111001110011111111011000000100110010010101010100001100111010010111101001001000110110110101111001100010011101101011101011011101001111110011011
100111111101101110001101011000011000101101001110010000010101110101111111011011110010010111011110000001001110101000001111000000111001110110011111000010
101111001000001001001000010011001110001001101010001101001100001111110111011110111100000111001011101110100101011001011110100001011010000010110000111001
010001101011100101110110011000001110001001001101000110000111111101000100011100101101000001100010100000100000011001111110101011111001110011100110111000
101110000110100101000001110000110011011110111000110000000111100011110000110010110000000101111010000001100111000111001110011011001000111101110010000100
011101101000011101001110110001000000110010110001110000100100100110101111001101101111101001100011111001010001000001010001101101000110001100101111011100
110111001001001101001100110110111100101000110111010011100100111010001100101001001011100001000100000011100100101101110001001101000011011001110011000110
000010111100011001111111100100011010110000001101001111010100110000110011110101001001111110110011111100000001100100100110010110001001101011011100110001
111101100110011110101010010001000110000100001001101010101010110010011111010100100010011101000110000011100100110101100010010011111000101011001101000100
101100110110000011101010110111111101000010101011100001010001010011011011011001001111001001000011011010000100110101011101011101100101010110111001010011
100001001000100010000000011011011000011000110010100100110111111101100110100000110001101000000010111000101011101010111110110100010110111101000110000111
111010011011100111110011111000011101100011110111111101110111010010011111111101011111000010100010000001100100111001001101010001100100000100011001001011
111101010000001010101100100110001000001001101001110010010111100100011111110001101011111101111101010101011010110101001100101011110010010100110111101011
001111110010101100000010101010101000100000100101101101101010001011100011101110011100100101010010111110000001101011001110011011110111000011101001100010
111110001010010101101010011100010001100011110011011100001000100011011010010101111010110101001001011110110101000011111100001100111011101100010000000111
001110010110110101101101001001001100001101011011100101101011100111011000000001000000000101011011101011111010111011000110111111010100001100111110111001
011011101110001100011011110001100010000011001001010001001101110010011111101101011110100101011001110101100011111101100110010011011000011111001010111011
101100111011001101001101010011001001011110001010001111110010000111000011111100111110100001000011101011101001011101011110111001101001110000110001101011
101010111011110111101010000010101111100010101000111011011000110000100000100011001010100010110001110101101100101011100011101001111100011010011001001001
101010101000100101110100101010111011101100001100100011000010010000101000101011001111001110100110011110011011001110101100001101011111110001000111110001
010010010001101111000110001110100110110011011110010000010010100111101101111011010100111010101100111110000110111100110001001100110010111101011001101000
010111000101110000101010011011010101001001110000000101000100001101001101101101111100000100000010110001001110011101100001001010011101111100101101010101
000111100111100011001010110010001001010001111110111100010001001011110001101010011111000000001010010111010110000101010010100101000010000101101110110000
011010010111011110101000100101001001110000101100001100001110001101000110001001001011101010110100100010111010111010111001000011100011000001000011001110
000100000001001011110010010101000000100111101011011100001100100111010110111001010001001000001010011001111100111001010001001111011111110011110011111001
101011010000110010101000101010011100011001000101111100101000101111001111110011110000101101001001101101000000100110111101001010011001101111110110111000
000010000000100101100010111001100101001011110100111010110111010000101110000101011001000011111111011010100111001111010110100111010011101011000010011111
010110111010010100001101011001001100000100000011000001101100100001011010101001100010110000110110011100110110001001011111011101001000000000010100110000
100010111000101000100100010000000011011001010101011110100110101100110100000111111101110010001101011111110110110000100111010100101011000000111001111101
110011011101010101101011011001110100111111010010001110111100111110111110001110001000001011110010001101111001100010110101101001110110001110111110000011
000010101110100000111100101011110100101011000001001110001110111010111110001111110010001000001001110011000101100101011011001011010111110111001010011111
100100011010010111001100110101010100110011001110100110011100110110001100000011101110111110110111111110011010110010101100111110100000110000001000101011
011001111011000010100110101110101110010111110001011011000100101100011100011110010110010011101000101011110101001101000111110101000011100010110100111111
001110001100001000000011100100111111111101001100011100100101111011110011101001001000110110011000100100101111110110000111001101110001011000000111001011
001011001100010001001010001111101010101010001100111101111110111001001101101011001011111000011111100101000101010011000011101000101100100110001110011111
110000010111110000100000011110001000101000001100101111100000101001101110101110101111111001011111111101000001111101110011011110000100111000100000011001
000010111011001011000100111000110100011010101011101101101111111111000110000111111101111001101001011110001000111010111101101101101111100001100001010001
100100001111101110001011100011111100011000000010000011001110100010100011101110110011000110010100000010110111011110111110010101001100111111111000111110
110110010011000010111001011100011111000010100001000100110101111011010100000010010000110100001010010110001000100101101010010111110111111111010011010000
110010000101100100011101100011010100101110101110000111101000111100011010001110100110001001111101011100000000011001100101100100100010110011110100010110
010000110011110000001001101100001111000101011010111001101110010110011100111111001010011110010011110111110011010111011110000110101110010010010011010010
011010111011110010111011101001000100011001010110010001001011001011001000101000100110000111011000110001101010111001110111111010101101110100001000110101
101101011010101101010011010001010001101110000011100001011110011011000000001011011100011001100011011000010111100011000100101101000101010011101111000101
100010100000010100000101101001101101000100000011011010110001001100011110100110001110111110110111011111001110110110110011100010100001111101111010110011
010101100101000111011001011010110110111111110110010011010001011010001111100001010001010000110111100110100100001101011010111101011100101101011010100010
011001001111000001011010110000011010100100110001110110001010001000111101111001000011110000101011111011110011100110010000100000101101111001011110011110
111101100100111101100000001100100101111100000111011110100110101110011010001101110011111001100000101111010011011000001011001100110111011101110100100010
100100000001001100110110000111011100101100100101101110000010010010101001110001101100000100011101010011010010000110001111101110111000010111111011010001
110010110010010010100110000010101110010110011101111100100010000101110101110010000110100110001011100001101110101110100010111000001000100000010101110011
000010111000000000011110111000101101001101000111110001111000100110110100011110001011010011010001100101010111101010110010100111011000100101011101110001
010011011101011100000100001000000100101111111000100100001010110001000111100111010011011001101000100101110011100011101111110101110011010111000000111010
001110011100111010000101111100100111011101001101000000001011101010111101000011111101011010011010001111110010000011010101111111011100100001110011111100
001100011010110101010010111100100010011101101010100101101011000000101000111010111110001111101000111010110001100100010101100001111000000111010010000101
010100000110100100101100101101000011100110100100110111110111110111111011001010100001001100011110111000111001000110001001100101101101101001110100101010
110001000001100111101010111100101010010001100010000110101111000101111101010001001001110001110001001010000011100110101001111010000100101001001000000111
001100000111010111001111101111111000010000110111001100100110111010000000100010100010011011101001001001101111100010000011110011111101111110010111000111
110011011101111011110001100110000101000111101000001101001000111100001111000101001010111110010011010100011011001100100111010011001100010100010010011001
001001100101001100101101110001111001101110010100010110111101111010100000000100011111101011010110110110100011011100100001111001111111011101100011110010
101100100101000111100101001010100110011010110100101011011011010010110011000011101111000101110101011010111000001111001001000111110101000010000000100101
110101011101010100110000110011100100000001011011010000111011110111101010011001110111010101101010010001011001010100111000010010011011000101000011011111
010011101001000001000101100011100110110010111011000011001110110100100001110001011011011110001010011001001111100110011000101011110100011001110101100111
001111111100000001000110010111111111001001010010011101000001111100100010001000100101000110110111000111110110001000010010101010000111010001010110001100
000110011100100100010000111010101011110001101110011010000011000011111100010001001000110001000011011101101011011001100001000101101011110100011010011100
010110011110100110110010111110110101001010110110101110000001001011010010100100100110110101010000011001011011111010101111111101010111110000110100100011
111011000011100010010011111111100100111100100100011011011111000001110011111010111010110100000110011110100111101011111101000000010000110100100101100001
111110111110000010110001111000001000010101000010100111001100011110011111010101110100001110101000100000010100101010101001010110010000011011001111100011
111111101100011000011110011110001001001011011110010000110111011100100101100110000011000010011111101100000100100111111001011001111010100111010110010100
101101000010000010000010101010101000110100101101000010110100001001100110001101111010100001011110111111010010101111111110000111000111001011101110011100