000000000000000000000000100000000000000000000000000100000100000100000000000100000000000000000001000000000000000000001000000000110000100000010000100000
000000000000000000001000001000001000100000000010000000110000000000000000000000000110000000000000000000000000000000010001000101100000000000000000000000
000000000000000100000100000001000000000000000010100000000000000000000000000000000000000000001000100000000000000100001000000000000011100000000100000000
000000100000000100000010000000000000000000000000000110000000000000000000100000100100000010000000100000000000000000000010000100000000000000000011000101
000000100100000100000000000100000000000000000000000000000000000010100010000000000000000000000010010000010100000000000000000000000100000100000000000000
000000100000000000000000000110000100001000000000000000100010000000000000000100000000000000000100000000000000001000000000000000000000000000000000100000
000111000000000000000000010100000000000000001000100000100000000000000000001000000000000000000000100000000010000000100001100001000000010000000000000100
000000000000000000000001000010001000001000110000000000000000001000000001000000000000100010010100000000000010000000000000000000000000010000000000001000
000000000010000100000000100000000000000000010000000000000000000000010000010000010000000000000000000000000000001000000010000000000000000000000000000100
000010000001000000010000001000000010000000000000000000000000000001000000000000000001000100100000000000001000001000000001000000100010000000000000000000
000000001001000010000000001000000000010000010001000000000000000001000110000000000000000000010000000000000001000000001000000000000000000000000000000100
000000000110000000010000000000001000000000000000000000000000000000000000001000000011100000100000000000001000000000001000000010000000010000000001000000
000000000000000000000000000000100000000000100000000000001000000000000000000000000000000000000000000000000010000010000000000000000000010000000000000000
000000000000000000000000000000100000010001001000000000000000000000000000100010000000000000000000000000000110000000000000000100010000001000000000000010
000000000000000000000000000100010000000000000000000010000000001000000000000000000010000100000000100000000001000000000000010000001000000000000000000000
001110001000000000000000000000000000000010001000000000000000000000000000001000000000000000000000000010000000000000000011000000000000000000000000000000
000000000010000000110010000000000000000000000000000000000000001000000100001000000100000000000110000010000000000000000000000000010000000000000000000000
000000000000000000000000001000000010000110000000000000000010000000000100100000000000001010000000000000000000000000100001000000000010000000010100000000
000000000000000010000000100110000000000010000011000000000000000000100000000000000000000000010000000000000000010000000100000000000010000000000100000000
000000000101000010000000001000000001000000001000001010000000000000000000000000000010000000000000100000000100000000010000000000000000000000000000000000
010000000000000000000000000000000000000000000000100001011110000001000000001000001001000000100010000000000010000000100000000100000000000000000000000000
001000000000000000000000000000000000000000110000000000000000000000100000100000110000100000000000000000000000001000000000000001000000001000010000000000
000100000000000010000000000000000000100000000000000100000100000000101000100000000110010000100000000000101100010000000000000000001100000000000000000001
000000010000000000000000001000000100001000000100000001100000100000100000010100000000000000000000000000000000000000000000010010000000000000110000000101
100000001000000000100000010000000000000000000000000000000001000000000000000010000000000000000000010000001000000100001001000000110000000000000000001000
000000100000000000000000100000000000000000001000100000010000000000000000001000000000000000000100100000100010000100000000000000000000000000000100000000
010000000110000001010001000000100000000000000000000000000000000000000010000000000001000000100000000100001000000011000000000000000000000000000100010001
000011100000001000100000000000000000000100000000000000000000000000110000000000000000000000000000000000000000000000000000000100000000000000001000000100
000001010000000000100000000000000000000000000000000000000000010000000000010000000000010000001000000001100001100000000000000100000000000000000000000100
001000000000000000000000000000000000001000100000000000000000000000000000000000001000000100010000000000000000010000000000000100010100000000000000000000
000000000000110000000000001000000001000000000000000000000001000000000000000000000000100010000000000000000001000001000000000000000000010000000010000000
000000000000001000000000000000000100000000000000010000000000000010000000000000000000000000010000000100000000000000000001000010000000010000100001000000
010000010001000000000000000000000001000000000000100000000010000000000000000001000000010000001000010000001100000000000000000010000000010000000000000000
000001000000000000000001000000010000100000000000000000000000000000100010000000000010000010100000000000000000000000100000000011000000000110000000000000
000000000100000001000000000000000000000100000010000000000000000000000000000000000000000000000000100000000000000000000000000000001000000000000000000000
000000000000000000010000000000101000100000000000000001000001000010000000100001000000000001000000100000000000000100000000000000100000000000000001000000
010000000000000000000010000000000101000000000000100000000000000010100000000010000000000000000001000000000000000000110110000000000000000000000100000000
000000000010010000000000000000000000000100100000000000000000000000000000000000000000010100000000000000010000000110000000000000000000001000000000000000
000001010000000000000001000001000000000000000000000100000000000000000000000000000000000000010000100000100000000000000000000000100001000000000001000000
000000000000000001000000000100000010010000000000000000000000000000000000000000010000000010110000000000000000000000000000000000000000000000010000000001
000000000000000101100000000000000000000000000000000000000000001000000000000000000000000000000100000001100000100000000100100000000000010000000000100000
000000000000010000000000000000000000000000000000000000000000000000000000000000000000000000000100000000000000000000100000000000000000000000000000000000
000000010000100000000100000001000000010000000001000000000000001001000000000000000000000000001000000100000000000000001000000000000000000000000000000000
000000011010000000000100000000000000000000000000000000000000100001010000010010100000000000000000000000000000000100000000001000100000000000010100000000
000000100000010100010000010000000000000000000000000000001000000000000011001000110000010000000000100001000000000000010000000000110000000000000000000000
000000000000000000000001000000000000000000000000000010000100000000000000000100001000000000000000000010000010000100000000101000000000000000000000010110
011000000000000000100000000000000010000000000001100100000000010000000001000000100000000000010000101000000000000000000001000000000001000000000000100000
000000000010000000100000000000000000000000100010010000000000000000001000100010000000100010000000000000000000010000000101010000000001010000000110000000
001000100000000000001000010000001000100000000010000000000000001000100000000000000100000000000000001000000000000000000000000000000000000000100000000000
000000000000000000000000000000010000000000000001000000100000100000000000010000000000000000100000010000000000100010000000010011000100000000000000000010
000000000000000000010000000000000000000000000000000000100000000010000000010000001010100000000000000000001000000000000001000100000000000001000000000001
100100000000000000000010000000000000001000000010000000001000000000010000010000000000100000000000000000100000001000000000000000000110000000000000000000
000100000000001000010000000000000000000000000100000000000000010000001001000000000000100000000000000001000001000000000000001000010000000000000000000000
000000000000000000001001000000000001000000000000000000001001000100000000000000110000100000000000000000000000000000100010000001000100000000000000000110
010001100000000000000001000000000000000000000000011000000000000000000000000000000000000000001000000000000000000000000000000000000000000000000000100000
010000000000000000001000010000000000000000000000000000000000000000000000000000000000000000000000000000100010000000000000000000100000011000000000000010
000000000000100000001000000000000000000000001000000101000000001000000000000000000000000100000000000010000110000000100001000000000100000000100000000000
100000000000000000001010000000000000000000000100000000000000000000000000010010000000101000000001010000000000000000000001000000000000000010000000000000
000001000000000001001000000000001000000000000000000000000000010000000000010000000010000000000010000000100000000000000001000000100010110000000100000000
000000000000000000000000100000100001000000000000000001000000010000000001000000000000000000000000000000000000010000000100000000000000000000000001000000
000000000000000000000001000000000000000000010000010000000000000000000000000000000000000000000000000000000100000000000000000000000000000010000000000000
000000000000000000000000000010000000000000000010000010000011000000000000000010000000000000000000010000000110000000010000000000010110000000000010000000
000000010000001010000000000000000000000010100000100000001000000010000100000000100000000000000001000000000000000100000001000000000000100000000000000100
100000000000000000000000000000000000000000000000000001000000000000100000000000000000000010000000010000000000001001000000000000000000000000010000000001
000010000000000000000000000000010001100000000000001000000000001000000000000000000100000100000010000000000101001100000001000000000010000010000000000001
000000000110000000001000000000000000000000110000000000000000000000000000000000000000000001001000011000100000000000000000000000000001100000000000000001
000010000000000000100111000100000100100000000000100000000000000100000100000000000000000000000000000000101000000100000000000000000000000000000000001000
000000001000000000000000000100000000000000010000000100000000000000000000000000000000000000000010000000110001000100000000000000000101000000000000000000
000000000000000000000010000000000000000000000001000010000000000000000100000000000000000000000000000000000000010000001010000000000010000000000000100010
000000000010000011000000000000000000000000000000000000000000001000101000000000100000000000000000000001000000100000000000000001000000000010000000000010
000010000010000000000000001000000100000000001000000000000000000000000001000000100010000000000000000000000100000000000000100000010000000000000001000000
000000010000000000000000000000000000000000001010000010000001000000000010000000000010000000000001001000000001000000000000000100000000100000010000000000
000100000000010001000110000000000001000000000001000000000000000000000000000000000000000001000000000000000000000000000000000000000000100010000000000000
000000001000000000000001000010000000000000010000011100000110000000000000000000100010100000000000000000001010000010010011000000101000000000000000000000
000000100001000110001000010000000000000000001000000000000000000000000000000000000000000010000000000000000010000011000000010000000000000000000000110010
100001000000000000000001000000000000000000000100000000000000000000000000000010000000001000000000000010000000000000000000000000000000001000000000010100
000000000000010000000000100000000000100000010001000000000100010000000000000100100000000000100001000000000010010000000000000110000000000000000010000001
000000000000000000000000000000001001000000000000000000000000000000000000000000000000101000000000100000000100000001000000000000000000111000000000000000
000100000000000000000100000000000000000000011010000001000000001000000110010010000000000000010000000000000000000000000000000000000001010000000100100000
000000001000000000000100000000000000000100001000000001000000000000000000000000000000000000000000010001000000000000000000001000100000100000000000000000
000000000000000000001000000001000000000000000100001000000000000000000000000000000000000001000000000000000000010000000010001100010000001000000000000001
010100000000000010000010000000000000000000000000100000000000000010000000000000000000001000000000000000000000010101000000001100000000000000000000100000
010000000001001000010010000000000100000000000000001000000010000000000011010000000000000000000000100000000000010000000000000001000000001000000010000010
000000000101000000001000001000000000000000000000000000000000000000000000000000000000000100000000000000000000000000000001010000000010000000100000100000
000000010001000000000100000000100000000000000001001111000100000000000000010001000000000011010000001000000000010000001000000001000000000000000000000000
000000000000000000000010000010001000010000001000000000000000000000000000000000000000000000000100001000000000000001100000000001010000000000000000000000
000000000000000001000000000000000000000000000000000000000100000000000000000101000100000000000000000000000000000000000000000010000000001000000000100000
000000000100001000000000000001000000010000000000000000001000000010000000000000000001000010011100000100001000000001001001000000000000000100000000100000
000100010000000001000000000000100100000100000001000000000000000100000000001000000000100100000001001000000100000000010000000000000000000100011010000010
000000000000000000000000000000000001000000000000000000000000000001000000100000001000100000011000000000001001000000000000001000000000000000000000000000
000000000101000000001010001000000100000100000000010000000000000000000000000010000000000000001000100000000110000001110000000000000000000000000000000110
000000010010000000100000000001010000001100000010000000000000000000000000000000100000100101000000000000000000100001000000000000000000000000000000001000
001000000000000000000000000010001000000000100000000000100000000001000000000000000000000101100010000000000000000000000000000000000000010010000000000001
000001010000000010000000010000000000000011000000000000000000000000000000000000000000010100000000000000110000010010000000000000000100000100000000000000
000010000000000010001000000000000000000000000000000000000010000010010000000000000000000000001001000100000010100001000000000000100001000000000000000000
100000000000000000000000000000000000100000000000000000000100001000000001000010000000000010000010100000000000000100000000000000000010000000000100001000
001100100000001000010000010000000011001000001010000000000000000000000000000001000010000000100001000000001000000100000000000000000000000001000100001000
000010000000000000000000100000001000000000000000010000000100010101000000000000010000000000000000000000000000000000000010000110001000000000000000000100
000000000000000000000000000000000000000000000010100000000000000001000001000000000000110010000000000100010000100000000110001000000000000000001000000000
000000000000000000000000001000010000000000100000000000000000000000000000000000000000000100000010001000000000000000000000000000000001000000000000000100
000000000000000110000000000000000000000000000100000000001000000000000000000100000000000000000000000000000000000101000001010000100000010000000000000000
000000000000000000000000000010000000000010001000000010000000000000000100000000010000000000000000000000000000000000000000000000000000000000000000000000
000000000000000000000010010010000000001010000000000100010010000001110000000000000000000000000100000000000001000000000000000000011000000000100000000010
000010000000000000000000000000000000010000000000000000000000000000010000000000000000000000000100001000000000100000000000000000100000000000100000100000
000000000101000000000010101000001000000000000000001000000000000000100000010000000000000101000000100000000000000000000000010011000000000000000100001000
000010000000010000010010000000001000000000000000000000001000110010000010000001000000000010100000000000000000000000000000000101000000000000010000000000
000000110000110000001000010000000000000000000100000000011000010000000000011010000000000000100010000000000000100100010000010001000000000000100000100000
000000000010001000000000000010100000000000000000000010000000000010010001000000000000000001000000000000100000000000000000000010000110000000000000100000
000000000000000000000000000010000000000010000000010000000000000000000100000000000000000000010010001000010010000000000000000000000000000000000001000000
000000000000000000100010000001000000000000000001000000000001000000001000000010001110100000000100000000000000000000001010000000000000010001000000000000
000001001100000000000100000000000000000000000000000100000000000110000000000000000000000000000000000000000000000000001010100000000000000000000000000000
001000000000000000000000110000000001010000010100000000000000001010110000000000000100000000000001100010000010000000000000010000000000100000000000100000
000000000000100000000000001000000000010000000000010000000000000000000000011000000000000000000100000000000000000000010000010001000000100010000000010000
000000000000000000000000001000100000000000000000000000000000000100000000001001000100010100110010000010000000000000000011000000000000001001000000000001
000000100000000001001000000000000100100001000000000001001000000000000000000000000000010000100000000000000000000000001100000000000000000000000000000000
010000000000000000010000000000000000100000001000000000000000010000000000010000000000000010100000000000000010000010000000100100000000010010000010000000
101000000011000000000000100000000000000000100000000000000000000000001000000000000000100100000000000000000000011000100000100000001000000000000000000000
000000000000000000100000000000000000100010000001000000000001000000000000000000000000000000000000001000000000000000100010000010000000000000000000100000
000100001000000100000000000000000000100000000000000001000000000000001000010000001000000000000000011000000000011001000100100000000000000101000000000010
010000100100000101000000100000010000000000000011001000001110001010000000010000000001000100000000000010000000000001000000000000001000000000000000000000
000000100000000000000000000000000000000010000100000000000000000000000010000000000000000000000000000000000000001000011010000000000000000000100100000000
000000000000001000000001000000000000000000000001010000000000000000000000001000000001000000000000000010001010000110000000000000010001000000000000100001
000000000000000000000000000000000000000000010100000010000000000000000000000000011100000001000000001000000000000000000000000000010000000000000010001000
010100000000010000001000000111000000000000000000001000000000000000000001000010001100000000000000010000000100000000010000000000000000000000000000000001
000000000001000000000001000000011100000000000000010000000000000000000000000010000000001000000000010000001001000000000100000000011000000000110000000000
010000100000000000000100000000000100000000000000010001000000000000000100000000000010110000000000000000001110000010000000000000100000000010001000000000
110000000100000000000000100000000001001000011000000000010010000000000000010000010000000000000010000010010000000000000000000001001000000000000100100000
100000000000010010000000100001000000000000001000000010000000010000000010000000001000010000000000000000100000000000000000011010000100001000100000000000
000000000000001000000010000000000010000000000000000000000000000000000000010000000000000000000000010000100000000000001001000010100000000000000000001000
000010000000000000000010000001000000000000000000010101001000010000010000000000000000000000000100000000000001000000000000000000010000000000001000000000
001000000100000001100000000000000000000000000000000100000010010010001000000000000001000000000001000000000001000000000000000000000000001100001001000000
001000000000000000000000000000000000001000000011000000000000000001010000000000100000000000000010000100000000000000000000010000000000010000000001000000
101000000000000000000000000000000000000000000000000000000010001001000001100001010000000000000000000000000000000110000000000000000000001000000000010000
000000110001100000000000000000111000000010000001000000010010000000000000000001100000000000001000000010000000010000010000000000000001000000000000000001
000000000000010000000100000000000000010000000000000000010000000000000000000101001010001000000000000000000000000001000000000000010010100000000000000100
000010000000000000000000000000000100000000000000000000000000000000000000000000000000000110000100000000000000000000000010000000000010000000000010000000
000000000000000000000000000000000100000000000000000000000100100010000100100000000000000000001000000000000000000010010000000001000000000000000000000000
000000000000000000000000000000000000000000000000001000000000000000000000000000000000000000000000100000000000010001000010000000000000000000000010000100
000000000000000000000001000000010000000000000000100000001000000000000000000000000001000000000000000000110010000000000000100010010000000000000011000000
100000000000000001000101000000000000000100010000000000000000000100000001000000000000000010000000000000000100000000000000000010000000000000000000000000
000000000000000000000000000100000000000000000000000000000000000000000000000000000000000010000000001000000000000000000000000001000110000000000000000000
001000000000000001100000011000000000100000010001000000000010000000000000000000100000000000000001100000001000000000000000100000100000000000000000000000
000100000000000000000000000000100000000000000001000000000000010000000000000010000010000010000000000000000000000000010000001000000000000101100000100000
000100000001000000000000000000010001001000000000000000000001000000000010000000000000000000000000000000000000100000000000000000000011000000100000000001
100001000000000000000000000000000000000010000010000000100000000000001000001000100101001100000000000000010011000100000100010000100000000000000010000000
000000000000000000000000001000000000000000000100000000000000000000000000001100000000000000000000000000000000000010000000000000000000100000000000000000
000000010000000000000000100000000000000000000000000000000000000000100000000000000000000000010001100000001000000000000000001000001000000000000000000000
000100101010000000000001000110000000000000000100000001000000001000000000000100000000000000100000010100000000000000000000000000000000001001000000000000
000000000000010000000000000000000000000000000100010001010000000000001100001000000010000010100000000000100000000000000010000000000000000000000000000001
000100000000000000000011001000000000000100000000001000000000000111000000000010001000000000001000000000000000000001000000010100000000010000000001000010